image_width: 640
image_height: 480
camera_name: narrow_stereo
camera_matrix:
  rows: 3
  cols: 3
  data: [513.47529, 0, 305.299815, 0, 511.660758, 224.420344, 0, 0, 1]
distortion_model: plumb_bob
distortion_coefficients:
  rows: 1
  cols: 5
  data: [0.009084999999999999, -0.110985, -0.003446, -0.002387, 0]
rectification_matrix:
  rows: 3
  cols: 3
  data: [1, 0, 0, 0, 1, 0, 0, 0, 1]
projection_matrix:
  rows: 3
  cols: 4
  data: [505.693787, 0, 302.673201, 0, 0, 509.400818, 222.9028, 0, 0, 0, 1, 0]